80
443
135
137
138
139
445
2082
2083
2086
2087
2095
2096
3020
8000
8008
8009
8100
8118
3000
8080
8180
8123
22
21
23
2323
20
109
110
3389
49
69
88
514
543
544
636
749
750
751
752
829
873
901
902
903
989
990
992
993
995
1025
1029
1048
1064
1109
1194
1337
1433
1434
1521
2483
2484
1527
1528
1580
1583
1645
1812
1443
1723
2049
2083
2210
2211
3306
4899
5500
5800
5938
10000
25
143
465
500
587
3128
5000
5269
5280
5281
5298
5432
8200
37
43
53
113
123
515
547
560
601
631
853
1080
5353
9050
20000
67
156
6343
6514
6653
6665
6666
6667
6668
6669
6679
6697
